493 772
461 739
454 744
449 730
450 734
447 732
452 726
454 731
459 734
454 726
467 746
471 769
459 735
454 733
454 727
450 724
448 725
462 732
458 734
455 736
452 723
455 728
455 730
496 785
458 734
454 730
450 725
452 723
449 728
455 733
445 724
456 730
470 742
485 777
457 741
451 733
454 732
453 729
449 723
453 731
466 751
442 719
455 723
456 731
456 728
455 726
448 722
452 723
454 723
466 748
453 735
450 728
457 742
454 728
453 737
449 722
453 725
461 745
460 742
452 745
527 826
453 735
457 731
469 749
448 724
448 722
447 722
450 722
450 719
445 722
451 723
452 728
453 735
455 737
455 730
450 727
453 731
451 740
519 893
642 988
542 896
490 906
527 838
508 807
534 886
696 1070
509 824
560 851
523 834
452 725
479 765
461 735
479 810
483 771
460 765
457 736
449 729
451 731
456 753
455 728
