794 1630
698 1489
710 1511
722 1535
704 1510
707 1522
707 1509
709 1528
724 1528
802 1612
720 1522
713 1526
716 1520
703 1500
709 1511
709 1568
707 1494
718 1543
706 1518
712 1513
712 1507
701 1494
756 1594
750 1567
721 1548
712 1522
704 1501
748 1579
690 1505
707 1529
718 1548
735 1561
721 1541
707 1528
721 1505
707 1528
718 1511
710 1536
737 1590
711 1529
720 1536
706 1514
692 1508
713 1515
706 1528
715 1506
711 1516
708 1520
718 1538
704 1510
741 1589
775 1594
701 1540
719 1560
707 1510
713 1543
718 1523
784 1629
704 1486
717 1530
701 1492
714 1519
695 1529
716 1511
707 1530
710 1512
709 1524
706 1518
726 1541
734 1544
708 1524
706 1508
702 1534
718 1522
707 1512
709 1525
715 1534
713 1530
699 1524
707 1486
709 1529
703 1526
714 1513
712 1504
705 1500
697 1524
701 1531
713 1531
730 1530
722 1539
734 1557
709 1514
780 1582
738 1553
730 1526
709 1533
695 1502
703 1526
704 1523
719 1526
