273 285
284 294
274 285
274 287
268 279
275 288
267 280
271 282
272 283
269 280
277 288
267 280
273 284
272 285
270 282
277 290
271 282
269 280
275 286
267 280
303 315
274 288
265 275
337 347
270 281
289 301
290 301
272 284
276 287
269 281
270 281
277 288
270 280
274 284
271 283
270 284
281 292
268 279
273 286
272 283
271 282
276 288
267 277
274 289
285 295
263 275
277 288
267 279
277 288
273 286
266 280
276 287
270 281
336 349
346 361
279 290
269 281
277 287
269 280
270 283
272 283
267 279
275 285
264 278
274 286
294 307
296 307
283 295
296 308
313 326
336 351
398 412
373 388
308 326
342 353
293 303
272 283
496 512
414 434
464 475
292 303
268 279
271 282
276 287
269 281
268 279
366 376
268 282
503 529
349 363
274 285
276 288
335 348
288 300
306 318
316 332
275 286
292 303
313 325
280 291
