336 
328 
331 
330 
335 
331 
331 
369 
332 
331 
329 
332 
334 
330 
333 
359 
329 
331 
329 
354 
373 
332 
332 
329 
329 
327 
336 
331 
332 
334 
364 
340 
331 
333 
334 
332 
330 
332 
331 
330 
330 
329 
364 
334 
338 
330 
329 
329 
328 
329 
339 
328 
331 
329 
327 
330 
327 
328 
325 
328 
329 
339 
353 
330 
327 
327 
327 
329 
343 
327 
327 
331 
338 
333 
328 
330 
334 
330 
330 
332 
333 
330 
334 
332 
331 
332 
330 
328 
330 
331 
326 
332 
335 
328 
332 
329 
331 
329 
329 
329 
