388 
389 
378 
377 
383 
383 
373 
373 
382 
379 
372 
374 
393 
372 
389 
376 
368 
367 
372 
379 
379 
371 
377 
414 
373 
384 
372 
380 
392 
376 
385 
375 
370 
378 
380 
377 
378 
452 
375 
376 
378 
382 
374 
381 
373 
378 
379 
378 
373 
380 
378 
375 
379 
378 
379 
383 
373 
387 
376 
382 
382 
376 
378 
375 
375 
371 
375 
378 
379 
384 
378 
372 
378 
379 
372 
378 
373 
375 
370 
371 
383 
378 
405 
384 
444 
370 
377 
377 
386 
380 
369 
383 
375 
383 
371 
370 
373 
369 
372 
374 
