255 
268 
256 
257 
263 
265 
264 
256 
263 
255 
259 
259 
261 
253 
261 
258 
293 
253 
256 
267 
266 
262 
262 
258 
256 
264 
258 
257 
260 
254 
264 
266 
260 
255 
262 
258 
262 
266 
261 
258 
258 
262 
256 
264 
258 
283 
250 
269 
249 
326 
259 
254 
285 
279 
270 
255 
263 
265 
257 
265 
259 
259 
256 
272 
317 
294 
274 
284 
256 
260 
254 
267 
257 
271 
355 
407 
434 
329 
367 
399 
376 
284 
391 
406 
373 
342 
374 
408 
317 
305 
344 
412 
350 
326 
421 
368 
309 
383 
432 
350 
