427 707
434 700
440 713
446 712
425 690
447 708
426 685
431 691
443 701
433 693
432 691
425 686
430 691
425 690
436 698
441 705
447 711
435 694
428 694
419 678
434 698
437 699
426 697
462 716
425 686
433 697
481 777
460 721
438 699
426 686
439 724
442 709
455 719
422 680
430 692
427 693
434 696
427 689
437 710
431 736
437 696
419 681
451 723
433 699
431 691
457 713
438 697
427 690
441 704
461 727
426 686
426 702
435 710
439 708
427 699
437 734
440 697
441 761
435 720
432 690
431 696
437 707
425 686
448 711
434 696
429 701
447 710
422 688
423 685
422 680
432 713
425 682
437 693
431 686
424 681
419 676
438 701
445 716
429 686
419 680
432 703
440 717
430 702
436 699
424 687
432 696
432 694
427 697
430 688
437 696
431 704
431 690
427 686
424 678
426 684
423 692
437 701
435 738
431 746
428 703
