785 1630
741 1580
802 1740
793 1599
746 1571
863 1818
722 1554
893 1745
969 1833
795 1661
724 1676
892 1675
729 1671
922 1944
1218 2127
751 1559
760 1665
730 1521
735 1646
725 1597
754 1563
743 1584
721 1566
724 1551
725 1548
728 1527
737 1610
736 1540
728 1563
729 1541
753 1566
733 1524
732 1548
726 1542
722 1556
743 1548
740 1543
745 1588
762 1621
736 1555
736 1558
726 1531
747 1560
758 1556
740 1538
722 1538
719 1538
731 1557
715 1553
786 1636
754 1575
741 1545
745 1546
735 1567
739 1578
737 1551
735 1553
734 1579
727 1537
764 1685
755 1571
833 1697
728 1528
739 1539
760 1575
744 1562
725 1540
745 1589
745 1566
806 1611
749 1568
729 1574
758 1575
752 1554
721 1535
725 1544
739 1616
803 1672
811 1664
734 1561
737 1563
761 1595
879 1727
789 1621
963 1864
780 1859
716 1546
818 1636
737 1559
734 1552
779 1771
749 1653
761 1582
725 1539
729 1552
743 1545
727 1537
735 1554
737 1556
739 1555
