287 301
278 290
287 298
285 296
276 289
278 291
278 292
273 284
302 318
278 289
288 299
288 301
282 294
283 294
278 290
279 290
285 299
278 292
283 294
276 287
272 284
284 296
278 292
288 300
286 297
298 309
284 295
284 295
276 287
284 295
289 300
273 287
280 290
287 299
285 296
288 301
279 291
284 295
298 313
277 290
286 298
273 284
289 302
286 297
278 291
286 297
281 292
272 282
327 343
304 317
279 289
286 297
275 285
278 291
280 292
274 286
303 316
285 297
278 289
296 308
271 282
286 297
288 298
298 309
286 300
286 300
283 299
294 305
278 290
279 293
298 309
275 286
282 292
283 294
274 286
288 300
284 296
275 288
286 297
276 287
279 292
284 296
280 291
286 297
281 296
274 287
286 296
333 348
368 379
286 300
275 287
282 293
283 297
277 289
298 311
287 298
271 282
288 299
275 287
271 282
